10118   56801
10186   72386
10196   53612
10307   33033
10457   20728
10627   47340
10656   27226
10839   29910
10908   56544
10957   78948
10964   17620
10981   76873
11105   16109
11121   33033
11222   30050
11260   16124
11359   97672
11569   68342
11648   15733
11676   97594
11804   92541
11847   24044
12076   32551
12277   46282
12321   30156
12530   20728
12673   51492
12707   57216
12734   35998
12888   93195
12951   89107
12983   20098
13060   71616
13070   20881
13114   21512
13219   89107
13265   19583
13309   67042
13323   89107
13342   90759
13394   18768
13538   93924
13648   90759
13665   32898
13683   30156
13703   18768
13718   57216
13800   70131
13907   56662
14064   82711
14159   20700
14195   41229
14239   39683
14289   22943
14375   98105
14399   16964
14526   19785
14543   16109
14584   38508
14832   74668
14871   87616
14875   61068
14918   89107
15348   47123
15509   87622
15595   92864
15611   93797
15692   97672
15920   71163
15947   88002
16031   91119
16060   88509
16081   29507
16109   72646
16124   35616
16167   65832
16184   62664
16230   46623
16289   65967
16374   82621
16396   64392
16708   62664
16926   99827
16955   69854
16964   61946
16978   93342
17009   59796
17094   50986
17295   92247
17620   40115
17636   16124
17826   59516
17848   60454
17954   71652
18100   17109
18153   72254
18164   39683
18595   45090
18643   64984
18667   27226
18672   47123
18768   84849
18894   93797
18950   42325
19038   53100
19062   47340
19488   88509
19494   65967
19505   14213
19753   73220
19997   88556
20000   73383
20055   52372
20547   97672
20728   79394
20748   89107
20884   64392
20909   89107
20975   11570
21147   25888
21242   90734
21310   86711
21401   77546
21467   22536
21596   24011
21662   32940
21734   45090
21789   97672
21792   97672
21987   59516
22066   72604
22187   91119
22202   73334
22224   80267
22232   16081
22264   41199
22359   59516
22379   90759
22465   24501
22483   33033
22505   27651
22534   30837
22536   67083
22884   56365
22943   46184
23277   52176
23385   62664
23400   17620
23497   55983
23531   92947
23664   32773
23972   39787
23976   91119
24076   97672
24080   98547
24143   65907
24317   89107
24341   90734
24370   41607
24423   94229
24428   57216
24632   90734
24823   97672
24876   22287
24983   76729
25003   57216
25005   97672
25007   37572
25053   27180
25095   59274
25126   13389
25160   55295
25389   40202
25402   95547
25427   65524
25559   84215
25663   56501
25664   55704
25666   16964
25677   59638
25924   56949
25963   41199
26139   17620
26206   47123
26224   81511
26308   96930
26337   16081
26486   27226
26617   32773
26839   90759
26888   67612
27000   64545
27226   46960
27276   62664
27412   88804
27417   79914
27502   32313
27557   27226
27632   22536
27693   78397
27780   18768
27885   91119
27903   94896
28017   57216
28074   33033
28259   41199
28306   16554
28621   65979
28642   95851
28704   60454
28727   89381
28748   62664
28761   70887
28818   61894
28871   41199
28953   64392
28964   77566
29199   46184
29408   31697
29435   94452
29682   59516
29742   14160
29876   18768
29989   34981
30040   16109
30050   12914
30124   39683
30156   39747
30314   38013
30337   32773
30370   22943
30422   57216
30431   95964
30495   55388
30798   22591
30971   57216
31242   64392
31368   90759
31403   74944
31412   92094
31576   78113
31643   89107
31715   99185
31864   81825
31868   17135
31951   25669
31960   84849
32095   87760
32133   33654
32145   98547
32300   53100
32323   17620
32337   69696
32448   47299
32476   80660
32542   84849
32642   60237
32773   91318
32851   30050
32952   93797
33000   16124
33033   91104
33195   32773
33497   47340
33603   91682
33654   52859
33668   90759
33728   22536
33750   27771
33855   90759
34125   18754
34131   74658
34542   22943
34793   50284
34832   33654
34923   16152
35192   66432
35230   73053
35265   16124
35362   15902
35495   16109
35507   62664
35527   83890
35534   46986
35564   45090
35793   30050
35905   27226
36000   44597
36173   63218
36450   91530
36492   65832
36641   78012
36688   67070
36706   32773
36766   57216
36803   33033
36853   47817
36910   16109
37037   98547
37044   16124
37091   16124
37165   73599
37318   26768
37504   59516
37779   16124
37897   91119
37956   90734
37989   85483
38012   93797
38098   90759
38268   13109
38383   69088
38721   64603
38734   20291
38758   90759
38812   40982
38828   65832
38937   27226
38957   53473
39084   64270
39094   16964
39133   88509
39165   57216
39166   65967
39210   33033
39259   31265
39276   61612
39307   45484
39308   12698
39336   85833
39419   98547
39683   87325
39765   60517
40016   59575
40096   98547
40245   33196
40443   92737
40463   22547
40480   68489
40506   97672
40729   63401
40999   33033
41076   60454
41199   60454
41453   60454
41506   64392
41559   39630
41626   22536
41710   47340
41800   95048
42013   30141
42199   61494
42231   98547
42361   35795
42402   45061
42426   18768
42580   26606
42643   64392
43099   18768
43205   90759
43290   65832
43407   83484
43486   89107
43573   94103
43713   55518
43842   17620
43940   56443
43969   63446
44008   37332
44027   46184
44062   90734
44066   36406
44098   39683
44303   97672
44418   65832
44463   39683
44525   30658
44553   19438
44724   76864
44763   74270
44774   92783
44888   59516
44972   30050
45090   94611
45176   73711
45242   84849
45281   97447
45499   90759
45567   23553
45616   97672
45722   59516
45860   93888
45873   16124
46014   25578
46044   60454
46184   30050
46265   17620
46365   82672
46436   97038
46468   60454
46636   36056
47123   23601
47152   55462
47297   91952
47340   29941
47344   18768
47353   27226
47382   33033
47472   98146
47522   65951
47615   59414
47630   62664
47692   37399
47699   90759
47908   27341
47913   59516
47960   28999
48029   34780
48034   69405
48086   33894
48347   11949
48531   31805
48615   33033
48809   18768
48876   34378
48878   55630
48971   47340
49022   74628
49086   32773
49303   30713
49380   49485
49653   89107
49658   47123
49698   81919
49752   44170
49759   58359
49855   37173
49928   61017
49962   97672
50331   44690
50630   65832
50833   83419
50991   73474
51030   65967
51304   41199
51368   17620
51457   90759
51515   39683
51570   11107
51609   69179
51671   20728
51692   17620
51699   31223
51736   93797
51960   87068
51967   16964
52052   90759
52066   21561
52098   20786
52145   30596
52153   56385
52180   17819
52374   45090
52464   24645
52470   17765
52566   56257
52851   96477
53100   30156
53202   85336
53209   49131
53271   84849
53479   39683
53539   39683
53585   88159
53596   71313
53778   57216
53783   62664
53819   26866
53895   39683
53967   71169
54074   65832
54139   88509
54203   22536
54207   16964
54230   18768
54386   20728
54392   29132
54582   90308
54591   48135
54595   27226
54768   65833
54869   62664
54971   27226
55011   32773
55043   18768
55139   30156
55147   51690
55151   27226
55271   29040
55276   55066
55517   47340
55619   20728
55632   16124
55636   51814
55734   12636
55752   90759
55788   34600
55812   68813
55953   84849
55998   60454
56193   59516
56290   16109
56303   66706
56356   89107
56418   60166
56446   90759
56734   81797
56756   98547
56772   46184
56799   51315
56917   84849
57040   57926
57085   65832
57216   47340
57538   93797
57643   17620
57734   85993
57842   65832
57854   22943
57929   30156
58068   43319
58203   59516
58211   30050
58227   32773
58366   44041
58378   27226
58489   17620
58823   37556
58825   68383
58848   20728
58875   93129
59354   82839
59368   89107
59516   22285
59643   18768
59747   65832
59766   27268
59774   16124
59980   19363
60010   16109
60015   16109
60210   48776
60316   16153
60454   41199
60456   47123
60518   32773
60547   75774
60584   97672
60703   16081
60707   16124
60771   93797
60815   72087
60848   67727
60919   59516
60950   65832
60969   33654
60994   12246
61005   17620
61031   18768
61140   93797
61492   45090
61660   62664
61684   82505
61685   11874
61760   47123
61821   69895
61890   90734
61898   62664
61964   47340
62294   56305
62343   56462
62389   84076
62475   21888
62594   47340
62664   88503
62788   84849
62862   64392
62956   43830
62977   69799
63040   62664
63078   71049
63219   28270
63343   62053
63476   45090
63495   62664
63687   73891
63780   16109
63800   64392
63828   58641
64063   50742
64066   13582
64202   27240
64292   70331
64392   16109
64427   58282
64570   60454
64610   87080
64614   36692
64615   32773
64693   83264
64938   97672
64997   20578
65021   18895
65089   20993
65092   45163
65406   83937
65410   39683
65539   16964
65566   68008
65789   67256
65832   33674
65841   83092
65878   46619
65951   35684
65967   57216
66023   70725
66419   60454
66635   33033
66760   90734
66775   19905
66855   14734
67000   30050
67055   58536
67126   52814
67136   97390
67248   27226
67364   97672
67373   91119
67398   89243
67405   89107
67554   79621
67622   80512
67755   17620
67774   16124
67783   27226
67867   61305
67877   36634
67918   27226
67920   93186
67927   91119
68116   75402
68159   94508
68203   18108
68284   20370
68329   62664
68344   11535
68444   89107
68476   27226
68506   78420
68531   45090
68617   89252
68774   79739
68792   97672
68841   33033
68922   64392
69049   22317
69091   92274
69167   61436
69198   19253
69265   45713
69327   16541
69448   76937
69456   16109
69501   96356
69603   23741
69744   65832
69990   30050
70002   59980
70027   36310
70136   10061
70211   30342
70344   85636
70423   89252
70508   16670
70524   86222
70736   46184
70739   89107
70807   82839
70869   74044
70877   60352
70963   57216
71099   57155
71173   98232
71249   20665
71255   33033
71409   16964
71421   47829
71460   16320
71464   45090
71485   61007
71561   21069
71591   39683
71775   80052
71802   90759
72032   30050
72150   28927
72281   16109
72422   98298
72503   46027
72512   73973
72616   78897
72716   53863
72745   41885
72820   22831
73093   50153
73239   69810
73344   17681
73403   95703
73478   16124
73676   33033
73857   67867
73980   17620
74141   98354
74154   16109
74260   90620
74412   47340
74575   65365
74710   12120
74736   15527
74883   49798
74983   16124
75112   98547
75173   18768
75211   45090
75268   98704
75281   39683
75393   97672
75434   72998
75456   10664
75480   16333
75520   79737
75554   41199
75661   17620
75795   30156
75818   52244
75826   16109
75919   45090
75939   64392
76046   17620
76174   79841
76204   81715
76208   18768
76219   18768
76429   27054
76627   57216
76703   16124
76721   57216
76829   30156
76964   33049
77053   79537
77170   84849
77221   18768
77418   39683
77427   84991
77638   83310
77666   73820
77870   15917
77921   62589
78021   33033
78250   16081
78254   68306
78357   23724
78398   96505
78442   99645
78476   33654
78567   19318
78742   51635
78834   34040
78917   29589
78956   60454
79187   25199
79546   47112
79652   44579
79698   39683
79747   52151
79827   78893
80112   90734
80253   76262
80360   33654
80372   60656
80514   43159
80606   30050
80632   22536
80694   45090
80980   58864
81022   24270
81067   66283
81186   66565
81208   55861
81255   17869
81291   67521
81434   30050
81614   94940
81653   16964
81663   79967
81668   39683
82002   97672
82030   60454
82088   58672
82186   60112
82210   48731
82249   39683
82325   47179
82391   68794
82423   60454
82726   16124
82778   90734
82812   89107
82839   26115
82841   87433
82953   22601
83084   32773
83099   31049
83140   90759
83324   62664
83332   82839
83449   13990
83496   45700
83644   67594
83711   11404
83831   87690
83930   32773
84082   93797
84242   16124
84298   30050
84755   65832
84849   67526
84947   98547
85160   91119
85264   17620
85361   48120
85395   46184
85411   89107
85460   78500
85672   37902
85677   88746
85798   41199
85835   90759
85918   30383
86034   84849
86185   79158
86260   59516
86438   91119
86458   93797
86919   59516
86958   65967
87017   74124
87063   64392
87101   16109
87108   16124
87147   89107
87205   41199
87421   46184
87497   70849
87587   48890
87706   89107
87735   69189
87886   64392
87896   16081
88258   32773
88262   76480
88333   46280
88364   49881
88509   65832
88668   47340
88704   43711
88710   44253
88739   60454
88802   72137
88835   47340
89008   29137
89026   17102
89066   16109
89107   54941
89252   40350
89306   65967
89585   76621
89637   18768
89927   64392
89951   31879
90065   96590
90317   96125
90338   27226
90438   32489
90508   30050
90511   17620
90549   61047
90570   60939
90734   16124
90759   30050
90773   97672
90800   93572
90824   55187
90825   16964
90841   32773
91030   45251
91074   19081
91119   39683
91134   29644
91155   99556
91239   18768
91262   36850
91286   46184
91466   89107
91582   45090
91793   16109
91840   84607
91850   39247
91852   21659
92074   47123
92119   86108
92189   93768
92237   90734
92483   32773
92495   32773
92610   26416
92750   10833
92795   88509
92898   83347
92946   60454
92968   71551
92977   93797
93070   65832
93141   64392
93362   16124
93470   32585
93707   90734
93708   16109
93797   89252
93890   60670
94016   75284
94027   98547
94161   81798
94291   73977
94353   22943
94446   58240
94464   96385
94474   57604
94501   58424
94607   98100
94700   59516
94958   61724
95166   92683
95237   29761
95389   86465
95631   66420
95639   62349
95708   23528
95715   64233
95798   10999
95927   82839
96381   10569
96621   92566
96756   21223
97070   22943
97243   16081
97429   39599
97570   15961
97672   90734
97734   41199
97799   20728
97800   80872
97814   89467
98061   42401
98116   64392
98377   75087
98390   36556
98472   65832
98547   16081
98662   32773
98715   68010
98724   62664
98726   47340
98740   64392
98896   86008
98908   95443
98957   60659
99089   90734
99150   59782
99245   57216
99282   17620
99339   74495
99369   33033
99378   42745
99525   33401
99580   53011
99623   64392
99726   16081
99801   58501
99823   30156
